#.\restricted_spectral_approximation.py
# GMT Tue Sep 24 08:55:31 2024
# stochastic_block_model
0 1 2 3 4 5 6 7 8 9 18 51 266 545 815 875 892
1 2 3 4 6 7 8 9 113 114 405 410 532 879 926
2 4 5 6 7 8 9 906
3 4 5 6 7 8 9 36 88 176 703 912
4 5 6 7 8 9 217 450 846 894
5 6 7 8 9 16
6 7 8 9 452 507 697 771 801 887
7 8 9 138 197 380 746
8 9 161 309 411 700 781 794 891
9 627
10 11 12 13 14 15 16 17 18 334 896
11 12 13 14 15 16 17 18 19 98 262 659 693 802
12 13 14 15 16 17 18 19 363 477
13 14 15 16 17 19
14 15 16 17 18 19 246 335 417 468 504
15 16 17 18 19 221 928
16 17 18 19 145 192 221 261 340 367 709 770
17 18 19 97 146 272 486 705 784 883
18 19 21 145 194 252 363 624 814 826 868
19 36 52 72 184 409 662 833
20 21 22 23 24 25 26 27 28 29 155 538 836
21 22 23 24 25 26 27 28 29 190 790 871
22 23 24 25 26 27 28 29 90 320 427 753 874 880
23 26 28 29 34 82 189 300 777 787
24 26 28 29 251 491 783
25 26 28 29 85 173
26 27 28 29 194 289 399 400 481 497 516 814 932
27 28 29 505 538 720 874 931
28 29 38 294 404 547 552 563 647 837
29 31 45 60 471 868 896
32 33 34 35 36 37 38 39 30 31 139 273 724
33 34 35 36 37 38 39 30 31 198 635 638 651 720 877 879
34 35 36 37 38 30 31 77 530 999
35 36 37 38 39 30 31 171 267 351 400 610 768
36 37 38 39 30 31 107 187 349 438 488 533 720 997
37 38 39 30 31 87 507 509 763
38 39 30 163 332 512 892
39 30 31 118 258 661
30 31 271 305 650 969
31 324 982
40 41 42 43 44 45 46 47 48 49 50 108 185 197 235 294 720 848
41 43 44 45 46 48 49 719 785 804
42 43 44 45 46 47 48 211 454 467 495 602 715 788 834
43 45 46 47 48 49 216 434 615
44 45 48 49 89 92 129 195 209 357 374 600 698 941
45 47 48 49 154 204 267 301 482 944
46 47 48 49 152 292 372 622 895 982
47 48 49 333 739 749 901 991
48 49 765 968
49 151 529 560 676 738
50 51 52 53 54 55 56 57 58 59 109 599
51 52 53 54 55 56 58 59 244
52 53 54 55 57 58 233 746 792 990
53 54 56 57 58 59 62 361 450 621
54 55 56 57 58 59 648 653 899
55 56 57 58 59 761 829 843 858 875 926
56 57 58 59 417 514
57 58 59 269 666 740 958
58 59 157 178 187 222 306 366 408 526
59 259 286 524 961
64 65 66 67 68 69 60 61 62 63 98 252 272 399 751 773 787
65 66 67 68 69 60 61 62 63 180 326 429 789
66 67 68 69 60 61 62 194 312 476 836
67 68 69 60 61 62 107 225 310 312 590 593 613
68 69 60 62 257 263 401 463 798
69 60 61 62 63 130 299 473 593 672 857 865 863 980
60 61 62 63 114 303 441 727 878
61 62 63 131 454 813 817 883 970
62 63 225 698 890 928 952 977
63 166 186 244 557 760
70 71 72 73 74 75 76 77 78 79 562
71 73 74 75 77 78 79 308 528
72 73 74 75 76 77 78 79 196 191 376 434 541 680
73 74 75 76 77 78 79 181 370 469 536 928
74 75 76 77 78 79 143 161 179 883
75 76 77 78 79 433 719 808 868 924
76 78 79 425 645 881
77 78 79 80 487 567 610 677 703
78 79 190 244 588 831 897
79 165 230 346 361 726
80 81 82 83 84 85 86 87 88 89 127 153 262 280 430 745 823 991
81 82 83 85 86 87 88 256 478
82 83 84 85 86 87 88 89 320 717 780 845 851
83 84 85 86 89 156 512 742 788 799 956
84 85 86 87 88 89 113 130 170 332 609 640
85 86 87 88 89 98 433 439 634
86 87 88 89 98 496 616 727
87 88 134 171 554 590 834 874
88 89 489 493 505 534 549
89 299 763 911
96 97 98 99 90 91 92 93 94 95 714 841
97 98 99 90 91 92 93 94 327 720
98 99 90 91 92 93 94 95 131 864 946
99 90 91 92 93 94 95 105 138 683 692 693 815 932
90 91 92 93 94 95 159 171 193 242 634 705 701 894 930
91 92 93 94 95 382 561
92 93 94 95 147 346 414 864
93 94 95
94 95 164 278 551 561 606 928
95 662 663 793 853 875
100 101 102 103 104 105 106 107 108 109 136 169 171 462 790 997
101 102 103 104 106 108 109 306 377 422 870 932
102 103 104 106 107 108 381 434 622 685 936 943
103 105 106 107 108 109 146 158 273 354 437 462 598 811
104 105 107 108 109 933
105 106 107 108 109 408 820 865
106 107 108 109 550 633
107 108 109 154 174 568 618 677 838 893 973
108 109 247 303
109 208 297 573 775 837 968
110 111 112 113 114 115 116 117 118 119 549 755 774 869 923
111 112 113 114 115 116 117 118 119 228 526 589 644
112 113 114 115 116 117 118 119 199 243 431 488 599 786
113 115 116 117 118 119 275 373 434 469 564
114 115 116 117 118 119 749 782 813
115 116 117 118 119 174 291 357 515 590 864 941 963
116 117 118 119 162 198 244 781 804 914 940 988
117 118 119 323 364 376 930
118 119 311
119 214 722 744 757 831 859
128 129 120 121 124 125 126 127 278 558 898 924 940
129 122 123 124 125 126 127 609
120 121 122 123 124 125 127 228 307 978
121 122 123 124 125 127 189 445 594 778
122 123 124 125 126 127 235 381 485 512 513 891
123 125 126 127 278 329 381 752 953
124 125 126 127 131 183 681
125 126 127 716 758
126 127 237 268 270
127 182 190 203 265
130 131 132 133 134 135 136 137 138 139 158 371 552 767 902 955
131 132 134 135 136 137 139 185 763
132 133 134 135 136 138 139 616
133 134 135 136 137 138 139 145 458 555 742 837 840
134 135 136 137 138 139 188 350 378 700 784 866
135 136 137 138 139 235 675 949
136 137 138 139 191 348 645
137 138 354 427 809 813
138 139 171 173 507 609 814 936 950
139 163 263 307 450 890 995
140 141 142 143 144 145 146 147 148 149 182 790 878
141 142 143 145 146 147 148 149 237 405
142 143 144 145 146 147 148 149 223 691 918
143 144 145 146 147 149 242 658
144 145 146 147 148 149 489 653 726
145 146 147 148 149 540 721 743 805
146 147 148 149 164 472 828 877
147 148 149 381 679 770
148 149 185 306 458 554 781 794 851
149 152 330 449 766 793
150 151 152 153 154 155 156 157 158 342 845 887
151 152 153 154 155 156 157 158 159 288 426 513 520 621 929
152 153 154 156 157 158 159 561 863 890
153 154 155 156 157 158 159 199 386 692 983
154 155 157 159 424 430 967
155 156 157 158 159 849 923 989
156 157 158 159 332 659
157 158 159 257 254 371 444
158 159 194 220 421 440
159 323 602 610 762
160 161 162 163 164 165 166 167 168 169 286 716
161 162 163 164 166 167 169 375 405 540 822
162 163 164 165 166 167 168 169 891 906 997
163 164 165 166 167 168 169 472 730 776 927 984
164 165 166 167 168 169 170 204 607 982
165 166 167 168 169 876
166 167 168 169 292 468 681
167 168 169 366 446 529 628 873 964
168 169 310 313 392 561
169 343 526 645
170 171 172 173 174 175 177 178 179 381 408 669
171 172 173 174 175 176 177 178 179 253 282 420 636
172 173 174 175 176 177 178 359 565 645 647 897
173 174 175 176 177 178 179 359 364 407 737
174 175 176 177 178 179 416 431
175 176 177 178 179 370 834
176 177 178 179 717 930
177 178 179 216 482 505 670
178 179 522 638 718
179 478 575 680 859 958
180 181 182 183 184 185 186 188 382 425 457 589 609 674 734 774 820 884
181 182 183 184 185 187 188 189 986
182 183 185 186 187 189 436 496 572 714 742
183 184 185 186 187 188 189 217 827
184 185 186 187 188 189 452
185 186 188 189 268 280 522 564 578 595 641 650 892 919
186 187 188 189
187 188 189 245 461 784 843 941
188 189 412 927
189 576 611 805 924
192 193 194 195 196 197 198 199 191
193 194 195 196 198 190 191 485 687 871
194 195 196 197 198 199 190 191 218 717 804 954
195 196 197 198 199 190 191 305 308 547 582 604 654 668 874 982
196 197 199 190 191 658 681
197 198 199 190 191 283 505 521 820
198 199 191 862 910
199 190 191 311
190 191 575 873
191 386 602 743 756 888
200 201 202 203 204 205 206 207 208 209 603
201 202 203 204 205 206 207 208 209 358 682 755
202 203 204 205 206 207 208 209 465 514 693
203 204 205 206 207 208 312 611 674 743 810 820 917
204 205 206 207 208 209 433 480 638 901 915
205 206 207 208 209 487 519 552 563 571 573 685 831
206 207 208 209 342 490 883
207 208 209 263 364
208 209 378 566 669
209 356 376 534 632 725 796 813 831
210 211 212 213 214 215 216 217 218 219 239
211 212 213 214 216 217 218 219 274 410 477 812
212 213 214 215 216 217 218 219 483 579 571 706 915 981
213 214 215 216 217 218 219 359 418 497 624 640 722
214 215 216 217 218 219 244 556 687 856
215 216 217 218 219 482 510 538 586 675
216 217 218 328 348 418 599
217 218 260 372 598 696 890 901
218 219 431 439 453 618 694 856
219 449 810
224 225 226 227 228 229 220 221 222 223 569 610
225 226 228 229 220 221 222 223 339 346 504 624 714
226 227 228 229 220 221 222 223 687 738 749 798 873 962
227 228 229 220 221 222 343 465 525 755 858
228 229 220 221 222 223 597 636 672 797 910
229 220 221 222 223
220 221 222 223 247 516 608
221 222 223 313 506 928
222 223 668 718 989
223 576 720 799 939
230 231 232 233 234 235 236 238 239 317
231 232 233 235 236 238 239 253 721
232 233 234 235 236 237 238 239 378 523 656 856 977
233 234 235 236 238 239 350 541 632 648
234 235 236 237 238 239 330 456 578 763 900
235 236 237 238 239 419 757 799 946
236 237 238 239 329 471 951
237 238 239 263 436 863
238 239 399 430
239 881 911 925
240 241 242 243 244 245 246 247 248 249 394 415 454 757
241 242 243 244 245 246 247 248 249 305 357 546 677 910
242 243 244 245 246 247 248 368 445 798 851 932
243 244 245 246 247 248 249 651 668 957
244 245 246 248 249 400 700 861
245 246 247 248 249 454 510 605 628 646 665
246 247 248 249 493
247 248 249 257 310
248 249 581 652 995 990
249 437 519
256 257 258 259 250 251 252 253 254 255 317 560 644
257 258 259 250 251 252 253 254 255 474 654 665 848 944
258 259 251 252 253 254 255 313 728 831
259 250 252 253 254 255 391 466 521 774 990
250 251 252 253 254 318 844
251 252 253 254 393
252 253 254 255 874
253 254 255 303 507 582 787 982
254 255 451 989
255 445 482 568 730 862 902
260 261 262 263 264 265 266 267 268 269 280 402 441 502 535 704 895
261 262 263 264 265 266 267 269 533 579 635 866 902 904 977
262 263 264 265 266 267 268 269 318 383 530 641 905
263 264 266 267 268 269 287 537 709 778
264 265 266 267 268 269
265 266 268 368 629 656 959
266 267 268 437 524 579 747
267 268 269
268 269 576
269 919 942
270 271 272 274 275 276 277 278 279 285 440 590
271 273 274 275 276 277 278 279 940 950
272 273 274 275 276 277 278 279 389 712 927 989
273 274 276 277 278 279 365 464 676
274 275 276 277 278 279 310 389 680 831 907
275 276 277 279 456 588 676
276 278 279 451 780 886 973 975
277 278 279 725 782
278 279 681 804
279 330 675 925
288 289 280 281 282 283 284 285 286 287 530 585 647 849 874
289 280 281 283 284 285 286 287 431
280 281 282 283 284 285 286 287 368 761 874 889
281 282 284 285 286 287
282 283 285 286 287 445 681 697 931
283 284 285 286 287 313 396 493 499 674 710 913
284 285 286 287 383 568 580 737 823 882 927
285 286 287 319
286 287 376 792
287 317 537 694 804
290 291 292 293 294 295 296 297 298 299 705 887 985 989 996
291 292 294 295 296 297 298 299 337 427 498 534 677 705 854 879 937
292 293 294 295 296 297 298 315 604
293 294 295 296 297 298 299 375 559 789 959 996
294 295 296 297 298 299 317 431 593 779
295 296 297 298 299 338 692
296 297 298 299 418 502 628 947
297 298 474 918
298 299 544 564
299 478 753 782
300 301 303 304 305 306 307 308 309 318 321 633 817 921
301 302 303 304 305 306 307 308 309 394 525 623 655 877 881 968
302 303 304 305 306 307 308 309 404 438 441 480 581 618 714 798 835 830
303 304 305 306 307 308 309 316 338 586 681 734
304 305 306 308 309 335 405 442 874 885
305 306 307 308 309 441 525 532 538
306 307 308 309 590 745 819
307 308 309 392 400 406 415 804
308 309 316 879
309 378 934
310 311 312 313 314 315 316 317 318 319 770 839
311 312 313 314 315 316 317 318 319 365 483 540 671 902
312 313 315 316 317 318 319 398 556 621 806 854 997
313 314 315 316 317 318 319 344 394 545 765 865 970
314 315 316 317 318 559 631 727
315 316 317 318 319 411 458 920
316 317 318 319 653 659 669 815
317 318 319 392 574 629
318 319 348 433 524 571 865
319 593 621 635 791
320 322 323 324 325 327 328 329 332 381 396 409 555 602 633 764 843
321 322 323 324 325 326 327 328 329 381 582
322 323 324 325 327 328 329 396 476 551 576 615 711 857
323 324 325 326 328 329 385
324 325 326 327 328 329 345 425 880
325 326 327 328 329 490 576 808
326 327 328 329 512 568 851
327 328 329 519 637 911
328 329 501 620
329 626 753 914 972
330 331 332 333 334 335 336 337 338 339 373 522
331 332 333 334 335 336 337 338 339 470 593 913
332 333 334 335 336 337 338 339 514 993
333 334 335 336 337 338 339 524 770
334 335 336 337 338 339 972
335 336 337 338 339 359 445 718
336 337 338 339 678 735 797 866
337 338 339 365 529 784 920
338 339 409 589 603 864
339 716 767 930 946 949 952
340 341 342 343 344 345 346 347 351 798 831
341 342 343 344 345 346 347 348 349 350 416 543 676
342 343 344 345 347 348 349 442 598 600 709
343 344 345 346 347 348 349 728 984
344 345 346 347 348 349 388 548 831
345 346 347 348 349 471 515 806 825 995
346 347 348 349 418 601 607 611 684 841 853
347 348 349 491 868 917
348 349 496 600 616 913 953
349 524 740 926
352 353 354 355 356 357 358 359 350 351 487 692 717
353 354 355 356 357 358 359 350 351 888
354 355 356 357 358 350 366 368 432 546 649 932
355 356 358 359 351 521 668
356 357 358 359 350 351 967
357 358 359 350 351 540 541 587 642 663 864
358 359 350 351 362 634 870
359 350 351 484 903 930 946
350 351 448 458 608 726 785
351 916
360 361 362 363 364 365 366 367 368 369 420 588 643 798 814
361 362 363 364 365 366 367 368 369 501 649 691
362 363 364 365 366 367 368 369 437 548 581 662 840
363 364 365 366 367 368 369 373 401 730 866 912
364 365 366 367 368 369 388 600 634 731
365 366 367 368 369
366 367 368 369 402 984
367 368 369
368 369 555
369 458 658 812
370 371 372 373 374 375 376 378 379 436 666
371 372 373 374 375 376 377 378 379 746 977
372 373 374 375 376 377 378 379 465 517 880 883
373 374 375 376 377 378 379 538 573 685 788 918
374 375 376 377 378 379
375 377 379 530 560 659 895
376 377 378 379 541 624
377 378 379 564 609 904
378 379 515 666 902 982
379 538 556 586 646 662 868 909
384 385 386 388 389 380 381 382 383 639 966 991
385 387 388 389 380 381 382 383 583
386 387 388 389 380 381 382 428 800 913 941
387 388 380 381 382 383 545 756 915
388 389 383 399 755 789 800
389 380 381 382 383 816 851
380 381 382 383 708 921 927
381 382 383 397
382 383 530
383 555 884 970
390 391 392 393 394 395 396 397 398 399 480 484 571 628 837
391 392 393 394 395 396 398 399 569 601 945 991
392 393 394 395 397 398 399 593 857 930
393 394 395 396 397 398 399 770 955
394 395 396 399 592 888
395 396 397 398 399 530 988
396 397 399 509 554 739 775 817 865 921 937
397 398 399 742 858
398 399 526
399 463
400 401 402 403 404 405 406 407 408 409 690 768
401 402 403 404 405 407 408 409
402 403 404 405 406 407 408 417 775 796 916 940
403 406 407 490 585 755
404 406 407 408 409 814
405 406 407 408 409 629 738 739 897
406 407 408 409 997
407 408 409 475 544 620 730 841 923
408 409 431 495
409 450 551 661
416 417 419 410 411 412 413 414 415 472 583 804
417 418 419 410 411 412 413 414 415
418 410 411 412 413 414 415 443 474 515 600 602 659 822
419 410 411 412 413 415 627 692 697 872
410 411 413 415 474 487 715 717
411 412 413 414 415 938
412 413 414 415 544 684 737
413 414 415 509 689 706
414 415 459 479
415 715 992 994
420 421 422 423 424 425 427 428 429 464 583 709 757
421 422 424 425 426 427 428 429 823
422 423 424 425 427 428 429 584 722 918
423 424 425 426 428 565 929
424 425 426 428 429 548 583 637 686 699 814
425 426 427 428 429 931
426 427 428 429 610 638 783 967
427 428 429 485 704
428 616 656 673 878
429 694 769 921 974
430 431 432 433 434 435 436 437 438 439 486 773 853 859
431 432 433 434 435 436 437 438 439 636
432 433 435 436 437 438 439 585 758
433 434 436 437 438 439 574 782
434 435 436 437 438 439 791
435 437 438 439 832
436 437 438 439
437 439 479 744 963
438 439
439 533 668 782 943
448 440 441 442 443 444 445 446 447 763 908
449 440 441 442 443 444 445 446 447 855
440 441 442 443 444 446 447 475 685 846
441 442 443 444 445 446 447 499 579 597 614 841 998
442 443 444 446 447 780
443 444 445 446 447 571 595 751 848
444 445 446 447 451 679 803 914
445 447 558 587 608 621 844 924
446 447 678 756 888 944
447 577 649 786
450 451 452 453 454 455 457 458 459 581 672 910 924
451 452 453 454 455 456 457 458 459 499 578 613 631 689 823 895 929
452 453 454 455 456 457 458 459 548 991
453 454 455 456 457 458 459 475
454 455 456 457 459 794
455 456 457 458 459 486
456 457 458 459 624 969
457 458 459 615 838
458 459 571 584 588 591 603 666 877
459 571 827
460 461 462 463 464 465 466 467 468 469 698
461 462 463 464 465 466 467 468 469 591 631 680 764 833 847 927
462 463 464 465 466 467 468 469 851
463 464 465 466 467 468 469 494 515 606 778 919
464 465 467 468 469 641 888
465 466 467 468 469 625 894 964
466 467 468 469 729 783
467 468 469 639 669 674 954
468 469 749 796
469 544
470 471 472 473 474 475 476 477 478 479 532 533 581 671 701 744 875 915
471 472 473 474 475 476 477 478 479 538 565 573 649 790
472 473 474 475 476 477 478 479 522 749 757 916 943
473 474 475 476 478 505 722 750 869
474 475 476 478 479 703 831 878 931
475 476 477 478 479 894 964 979
476 478 479 686
477 478 479 509 882 958
478 479 611 778 796 807
479 899
480 481 482 483 484 485 486 487 488 489 520 588 626 810 831
481 482 483 484 485 486 487 488 489 515
482 483 485 486 487 488 640 872 979
483 484 485 486 487 488 489 800
484 486 487 489 501 528 663 685
485 486 487 488 489 565 632
486 487 488 489 899
487 488 489 559 801 820 995
488 489 567 650
489 598 672 871
490 491 492 493 494 495 496 498 499 547 558 674 745 900 958
491 492 493 494 495 496 497 499 972
492 493 494 495 496 497 498 499
493 494 495 496 497 498 499 818 999
494 495 496 497 498 823
495 496 497 498 499 824
496 498 499 500 531 774 782 837 976
497 498 499 551 575 698 850 874
498 499 700 934
499 553 719 730 827 895 918
500 501 502 503 504 505 506 507 508 509
501 502 503 504 505 506 507 508 509 557 609 620 664 789 815
502 503 504 505 506 507 508 509 678 741
503 504 505 506 507 509 603 656 738
504 506 507 508 509 664 803
505 507 508 509
506 507 508 509 580
507 508 509 576 645 777 993
508 509 523 713 783 939 978
509 635
512 514 516 517 518 519 510 511
513 515 516 517 518 519 510 511 588
514 516 517 518 519 510 511
515 517 518 519 511 526 856
516 517 518 519 510 511 875
517 518 519 510 511 594 667 750 966
518 519 510 511 593 709
519 510 511 554 599 834
510 511 531 657 662 921
511 676
520 521 522 524 525 528 748
521 522 523 524 525 527 528 529 941
522 523 524 525 526 527 528 529 569 686 775
523 525 526 527 528 529 861
524 525 526 527 528 529 645 886 922
525 526 527 528 529 726 805 883 889
526 527 528 529 704 819 965
527 528 529 536
528 529 539 922 953
529 805
530 531 532 533 534 535 538 539 765 991
531 532 533 534 535 536 537 538 539 745
532 533 534 535 536 537 538 539 624 993
533 534 535 536 537 588 819 970
534 535 536 537 539
535 536 537 538 539 605 762 821 833 861
536 537 538 539 549 596 709 980
537 538 539 627 784 819
538 539 635 738
539 548 753 898
544 545 546 547 548 549 540 541 542 543 590 714 814 920
545 546 547 548 540 542 543 589 630
546 547 548 549 540 541 757 950
547 548 549 540 541 542 543 782
548 549 540 541 542 543 668 684 699 960 994
549 540 541 543 681 883
540 541 542 543
541 542 543 601 664 859 996
542 543 853 914
543 623 630
550 552 553 554 555 556 557 558 559 795
551 552 553 554 555 556 557 558 559 589 817 876
552 553 554 555 556 557 558 559 789
553 554 555 556 557 558 559 679
554 555 556 557 558 559 604 631 692 810
555 556 557 558 559 609 721
556 558 559
557 559 728 796 919
558 559
559 580 667
560 561 562 563 564 565 566 567 568 569 606 953 977
561 562 563 564 566 567 568 569 957
562 563 564 565 566 567 568 569 628 751
563 564 565 566 568 569 750 803 884
564 565 566 567 568 569 769
565 566 567 568 569 977
566 567 568 569 830 965
567 568 946 963
568 569 949
569 684 772
576 577 578 579 570 571 572 573 574 575 854 912
577 578 579 570 571 572 573 574 575 656
578 579 570 571 572 573 574 575 719 723
579 570 571 572 573 574 575 605 730 946
570 571 572 573 574 575 664 742 754
571 572 573 575 642 685 908
572 573 574 575 608 690
573 574 575
574 575 683 783 889
575
580 581 582 583 584 585 586 587 588 694 828 897
581 582 583 584 585 586 587 589 905
582 583 584 585 586 587 589
583 584 585 586 587 588 589 861
584 585 586 587 588 589 814
585 586 587 588 589 749 861 924
586 587 588 589 803 820
587 588 589 839
588 589 783 992
589
590 591 592 593 594 595 596 597 598 599 756 867
591 592 593 595 596 597 598 599 779
592 593 594 595 596 597 598 599 605 627 630 916
593 594 595 596 597 598
594 595 596 597 598 599 763
595 596 597 599 909
596 597 598 599 604 704 825
597 598 599 747 778 851
598 599 604 707 895
599 642 700 739 866
608 609 601 602 603 604 605 606 607 955
609 600 601 602 603 604 605 606 607 659 689 769 844 968
600 601 602 603 604 605 606 671 687 703 909
601 602 603 604 605 606 607 611 693 734 936
602 603 604 605 606 607 980
603 604 605 606 607 702 912
604 605 606 607 643
605 606 607 691 822
606 607
607 694 914 949
610 611 613 614 615 616 617 618 619 779 855 859 878
611 612 613 614 615 616 617 618 619 656 851
612 613 614 615 616 617 618 619 657 822 841 846
613 614 615 616 617 618 619
614 615 616 617 618 619 649 695 877
615 616 617 618 619 793 889
616 617 618 619 649 771
617 618 619
618 619 719 776 882
619 790 840 960
620 621 622 623 624 625 626 627 628 629 790 892
621 622 623 624 625 626 627 628
622 623 624 625 626 627 628 629 723 825 922 991
623 624 625 626 627 628 629 798 898
624 625 626 627 628 629 814
625 626 627 628 647 826 866 984
626 627 628 629 814
627 628 629 828 964 994
628 629 687 781 875 878 937
629 790
630 631 632 633 634 635 636 637 638 639 832
631 632 633 634 635 636 637 639 805
632 633 634 635 636 637 638 639 817
633 634 635 636 637 638 929 963
634 636 638 639
635 637 638 639
636 637 639
637 638 694 790 884
638 639 777
639 704 761 883
640 641 642 643 644 645 646 647 648 649 657 680 803 868 970 988
641 643 644 645 647 649 985
642 643 644 645 646 647 648 649 823
643 644 645 646 647 648 649 737 801 814 883 979
644 645 646 647 648 649 761
645 646 647 648 649
646 647 649 715 817 870
647 648 649 904
648 649
649 665 709 877 879
650 652 653 654 656 657 658 659 942
651 652 653 654 655 656 657 658 659 693 727 735 756 835 892
652 653 654 655 656 657 658 659 990
653 654 655 656 657 658 659
654 655 656 657 658 659 737
655 657 658 659 850
656 658 659 768
657 658 659
658 659 851 854 933
659
660 661 662 663 664 665 666 667 668 669
661 662 663 665 666 667 669 806 819 953 959
662 663 664 665 666 667 668 669 777 803
663 664 665 666 667 668 669 983 987
664 665 666 667 669 690 752 914
665 666 667 668 669 922 931
666 668 669 670
667 668 669 720 728 880
668 669
669 687 956
672 673 674 675 676 677 678 679 670 671
673 674 675 676 677 678 679 670 671
674 675 676 677 678 679 670 671 696 992
675 676 677 678 679 670 671 886 969
676 677 678 679 670 671 746 953
677 678 679 670 671 683
678 679 670 671
679 670 671
670 671 719
671 744
680 681 683 684 685 686 687 688 689 888
681 682 683 684 685 686 687 689 785 972
682 683 684 685 686 687 688 868 935
683 684 685 687 688 689 780 861 963
684 685 686 687 689 947 967
685 687 688 689 948
686 687 688 689
687 688 689 699 813
688 689 710 759
689 785 875 893
690 691 692 693 694 695 696 697 698 699 740 777
691 692 693 694 695 696 697 698 699 718 950 977
692 694 696 697 698 957
693 694 695 696 697 698 699 896 997
694 695 696 697 698 699
695 696 697 698 753 766
696 697 698 699
697 698 699 841 872 949
698 699
699 813 939
704 705 706 707 708 709 700 701 703 740 845 950
705 706 707 708 709 700 702 703 960 968
706 708 709 700 701 702 719 748 908
707 708 709 700 701 702 703
708 709 700 701 702 703
709 700 701 702 703 899 917 979
700 701 702 703 908
701 702 703 886 957
702 703
703
710 711 712 713 714 716 717 718 719
711 712 713 714 715 716 717 718 719 836 959
712 713 714 715 716 717 718 719 793 975
713 714 715 716 717 718 719 745 919
714 715 716 717 718 719 766
715 716 717 718 719
716 717 718 719 790 916 954
717 718 719 895
718 719
719 742
720 721 722 723 724 726 727 728 729 790 803 905
721 722 723 724 725 726 727 728 729 863
722 723 724 725 726 727 728 729
723 724 725 726 727 728 729 834
724 725 726 727 728 729 794 931
725 726 727 728 729 763
726 727 728 729 730 827 841 905
727 728 729
728 729
729 781 907 922 971 973
736 737 738 739 730 732 733 734 735
737 738 739 730 731 733 734 735 877 929
738 739 730 731 732 733 734 937 997
739 730 731 732 733 734 735 957
730 731 732 733 734 735 748 758 801 999
731 732 733 734 735 970
732 734 735
733 735
734 735 914
735
740 742 743 744 745 746 748 749 756 902
741 742 743 744 746 747 748 749 888
742 743 744 745 746 747 748 749 818 837 849
743 744 745 746 747 748 749 770
744 745 746 747 748 749 868 892 961
745 746 747 956
746 747 748 749 873 938
747 748 749
748 749 879
749
750 751 752 753 754 755 756 757 758 759 907 929
751 752 753 755 756 757 758 759 874
752 753 754 755 756 757 758 759
753 754 755 756 757 758 759 763
754 755 756 757 758 759 761
755 756 757 758 759 966
756 757 758 759
757 758 759 927 995
758 759 859 953
759
768 769 760 762 763 765 766 767 888 902
769 760 762 763 764 765 766 767 901
760 761 762 764 765 766 767 844 855 917 977
761 762 763 764 765 767
762 763 764 766 767 909
763 764 765 766 767 791 874
764 766 767
765 767
766 767
767 823 849
770 771 772 773 774 775 776 777 778 779 982
771 772 773 774 775 776 777 778 779 988
772 773 774 776 777 778 779
773 774 776 777 778 779
774 775 777 778 779 866 911 977 995
775 776 777 778 878
776 777 778 936
777 778 779 907 937 959 986
778 779 810 861 932
779
780 781 783 784 785 786 787 788 789 854
781 782 783 785 786 788 789
782 783 784 785 786 787 789 852 860
783 784 785 786 787 788 789 870 948 994
784 785 787 788 789
785 786 787 788 789 815
786 787 788 789 828
787 788 789 876
788 789 834 885
789 873
790 791 792 793 795 796 797 798 821
791 793 794 795 796 797 798 799
792 793 794 795 796 797 798 799 849
793 794 795 796 797 799 890
794 796 797 798 799 809 834
795 796 797 798 799
796 797 798 799 873
797 798 799 819 930
798 799
799
800 801 803 804 805 806 807 834 899 982
801 802 803 804 805 806 807 809
802 803 804 805 806 807 808 809 815 930
803 804 805 806 807 808 809
804 805 806 807 809
805 806 807 808 809 830
806 807 808 809
807 808 809
808 809 936 984
809 971
810 811 812 813 814 815 816 818 819 994
811 812 813 814 815 816 818 819 852
812 813 814 815 816 817 818 819
813 814 815 817 818 819
814 815 816 817 818 819
815 816 817 818 819 914 916
816 817 818 819
817 818 979
818 819
819
820 821 822 824 825 826 827 828 829
821 822 823 824 825 826 827 828 829 875 900
822 823 824 825 826 827 828 829
823 824 825 826 827 828 829
824 825 826 827 854
825 826 827 828 829 861 880 953
826 827 828 829 947
827 868
828 829 961 974
829 860 958
832 833 834 835 836 837 838 839 830 831
833 834 835 836 837 838 839 830 831
834 835 836 837 838 839 830 831
835 837 838 830 831
836 838 839 830 831 851
837 838 839 830 831
838 839 830 831
839 831 877
830 970
831
840 841 842 843 844 845 846 847 848 849
841 842 843 844 845 846 847 848 888
842 843 844 845 847 848 849
843 844 845 846 847 849
844 845 846 847 848 849
845 847 848 849 899
846 847 848 849 938
847 848 849 992
848 849 985
849 997
850 851 852 854 855 856 857 859 950
851 852 853 854 855 856 857 858 859
852 853 854 855 856 857 858 859
853 854 856 857 858 859
854 855 857 859
855 856 857 858 859
856 857 859
857 858 859 980
858 859 864
859 870 910
864 865 866 867 868 869 860 861 862 863 967
865 866 867 869 860 862 863
866 867 868 869 860 861 863
867 868 869 861 862 863 953
868 869 860 861 862 863
869 860 861 862 863
860 861 862 863 950
861 862 863
862 863 878 949
863
870 871 872 874 876 877 878 879 937 950
871 872 873 874 875 876 877 879
872 873 874 875 876 877 878 936 983
873 874 876 877 878 879 942
874 876 877 878 879
875 876 877 878 879
876 877 878 879
877 878 879 968 972
878 879
879
880 881 882 883 884 885 886 887 888 889
881 882 883 884 885 886 887 888 889
882 883 884 885 886 887 888
883 884 885 886 887 888 889
884 886 887 888 889
885 886 887 888 889
886 888 889
887 888 889
888 889
889
896 897 898 899 890 891 892 893 894 895
897 898 899 890 892 893 894 895
898 890 891 892 893 894 895
899 890 892 893 894 895
890 891 893 894 895 946
891 892 893 894 895 957
892 893 894
893 894 895 922
894 895 941
895
900 901 902 903 904 905 906 907 908 909
901 902 903 904 905 906 907 909 944 986
902 903 904 905 906 907 908 909 954
903 904 905 906 907 908 909
904 905 906 907 909 975
905 907 909 914 951
906 907 908 909 957
907 908 909
908 909
909 919
910 911 912 913 915 916 917 918 919
911 912 913 914 915 916 917 918 919 998
912 913 914 915 916 917 918 919
913 914 915 916 917 918 919
914 915 916 917 918 919
915 916 917 919
916 917 918 919 988
917 918 919 923
918 919
919 983
928 929 920 921 922 923 924 925 926 927
929 920 921 922 923 924 925 926 927
920 921 922 923 924 925 926 927 943
921 922 923 924 926 927
922 923 924 925 926 927
923 924 925 926 927 995
924 925 927
925 926 927
926 927
927 946 957
930 932 933 934 935 936 938 939
931 932 933 934 937 938 939
932 933 934 935 936 937 938 939 942
933 934 936 937 938 939
934 935 936 937 938 939 963
935 936 937 938 939
936 937 939 986 994
937 938 939
938 939
939
940 941 942 943 944 945 946 947 948 949
941 942 943 944 945 946 947 948 949 967
942 943 945 946 947 948 949
943 944 945 946 947 949
944 945 946 947 948 949
945 946 947 948 949 960 971
946 947 948 949
947 948
948 949
949
950 952 953 954 956 958 959
951 952 953 954 955 956 957 958 959
952 953 954 955 956 957 959 975
953 954 955 956 957 958 959
954 955 956 957 958 959
955 956 957 959 981
956 957 959 994
957 958 959
958 959
959
960 961 962 964 966 967 968 969
961 962 963 964 965 966 967 968 969
962 963 964 966 967 968 969
963 964 965 966 967 968 969
964 965 967 968 969
965 966 967 968 969
966 967 968 969
967 969
968
969
970 972 973 974 975 976 977 978 979
971 972 973 974 976 977 978 979
972 974 976 977 978 979
973 974 975 976 977 978 979
974 975 976 977 978 979
975 976 977 978 979
976 977 978 979
977 978 979
978 979
979
980 981 982 983 984 985 986 987 988 989
981 982 984 985 986 987 988 989
982 983 984 985 986 987 988 989
983 984 985 986 988 989 994
984 985 986 987 988 989
985 986 987 988 989
986 987 988 989
987 988 989
988 989
989
992 993 994 995 996 997 998 999 990 991
993 994 995 996 997 998 999 990 991
994 995 996 997 998 999 990 991
995 996 997 998 999 990 991
996 997 998 999 991
997 998 999 990 991
998 999 990 991
999 990 991
990
991
